'!' = 0.001282
'(' = 0.000046
')' = 0.000046
',' = 0.016183
'-' = 0.006402
'.' = 0.011120
':' = 0.000548
';' = 0.002041
'?' = 0.000898
' ' = 0.161124
'a' = 0.104426
'b' = 0.008236
'c' = 0.024318
'd' = 0.040006
'e' = 0.092961
'f' = 0.007626
'g' = 0.009426
'h' = 0.009563
'i' = 0.046925
'j' = 0.001944
'k' = 0.000013
'l' = 0.022586
'm' = 0.035176
'n' = 0.038858
'o' = 0.081889
'p' = 0.019193
'q' = 0.008130
'r' = 0.053375
's' = 0.062641
't' = 0.033737
'u' = 0.032762
'v' = 0.013525
'w' = 0.000007
'x' = 0.001891
'y' = 0.000050
'z' = 0.003136
